// ~->[DNET-1]->~

// File created by NaschenK at UBonn using Netica 6.09 on Dec 13, 2021 at 12:01:47 UTC.

bnet NewBBNwith17Nodes {
AutoCompile = TRUE;
autoupdate = TRUE;
whenchanged = 1639396605;

visual V3 {
	defdispform = BELIEFBARS;
	nodelabeling = TITLE;
	NodeMaxNumEntries = 50;
	nodefont = font {shape= "CMU Sans Serif"; size= 16;};
	linkfont = font {shape= "Arial"; size= 9;};
	ShowLinkStrengths = 1;
	windowposn = (0, 0, 1668, 874);
	scrollposn = (0, 202);
	resolution = 72;
	magnification = 0.741508;
	drawingbounds = (3683, 1967);
	showpagebreaks = FALSE;
	usegrid = TRUE;
	gridspace = (6, 6);
	NodeSet Node {BuiltIn = 1; Color = 0x00008000;};
	NodeSet Nature {BuiltIn = 1; Color = 0x00ffffff;};
	NodeSet Deterministic {BuiltIn = 1; Color = 0x00d3caa6;};
	NodeSet Finding {BuiltIn = 1; Color = 0x00c8c8c8;};
	NodeSet Constant {BuiltIn = 1; Color = 0x00ffffff;};
	NodeSet ConstantValue {BuiltIn = 1; Color = 0x00ffffb4;};
	NodeSet Utility {BuiltIn = 1; Color = 0x00ffbdbd;};
	NodeSet Decision {BuiltIn = 1; Color = 0x00dee8ff;};
	NodeSet Documentation {BuiltIn = 1; Color = 0x00f0fafa;};
	NodeSet Title {BuiltIn = 1; Color = 0x00ffffff;};
	NodeSet farmersdecisions {Color = 0x000080ff;};
	NodeSet TargetNode {Color = 0x00ff8040;};
	PrinterSetting A {
		margins = (508, 508, 508, 508);
		landscape = TRUE;
		};
	};

node intensificationStrategies {
	discrete = TRUE;
	states = (None, CropMultipleTimes, ApplyFertilizer, ApplyImprovedSeed, UseIrrigationAndFertilizerAppl, UseIrrigation, Other);
	statetitles = (, , , , "UseIrrigationAndFertilizerApplication", , );
	levels = (0, 1, 2, 3, 4, 5, 0);
	kind = NATURE;
	chance = CHANCE;
	parents = ();
	probs = 
		// None         CropMultipleTime ApplyFertilizer ApplyImprovedSee UseIrrigationAnd UseIrrigation Other 
		  (0.6133333,   0.08,        0.07333333,  0.12,        0.07,        0.04,        0.003333333);
	numcases = 300;
	title = "ChoiceOfIntensificationStrategy";
	whenchanged = 1639396564;
	belief = (0.6133333, 0.08, 0.07333334, 0.12, 0.07, 0.04, 0.003333334);
	visual V3 {
		center = (984, 1044);
		height = 1;
		};
	};

node householdSize {
	discrete = FALSE;
	states = (LessThan4_, Between_4And7, MoreThan_7);
	levels = (1, 4, 7, 11);
	kind = NATURE;
	chance = CHANCE;
	parents = (intensificationStrategies);
	probs = 
		// LessThan4    Between 4And7 MoreThan 7   // intensificationStrategies 
		  (0.1912564,   0.5297133,   0.2790304,    // None                      
		   0.3087933,   0.5405143,   0.1506924,    // CropMultipleTime          
		   0.2500535,   0.60652,     0.1434265,    // ApplyFertilizer           
		   0.3483494,   0.5327193,   0.1189313,    // ApplyImprovedSee          
		   0.1108425,   0.6688166,   0.2203409,    // UseIrrigationAnd          
		   0.3338436,   0.5778478,   0.08830866,   // UseIrrigation             
		   0.3519921,   0.359127,    0.2888809);   // Other                     ;
	title = "SizeOfHousehold";
	whenchanged = 1639396473;
	belief = (0.2244326, 0.5476645, 0.2279029);
	visual V3 {
		center = (684, 1410);
		height = 11;
		};
	};

node ageOfTheHouseholdHead {
	discrete = FALSE;
	states = (between_24And35, between_35and45, between_45And55, Above_55);
	levels = (24, 35, 45, 55, INFINITY);
	kind = NATURE;
	chance = CHANCE;
	parents = (intensificationStrategies);
	probs = 
		// between 24And35 between 35and45 between 45And55 Above 55  // intensificationStrategies 
		  (0.1816797,   0.3030794,   0.2925141,   0.2227268,    // None                      
		   0.1999992,   0.2196226,   0.2438514,   0.3365268,    // CropMultipleTime          
		   0.2592446,   0.2633098,   0.3814176,   0.09602799,   // ApplyFertilizer           
		   0.1446788,   0.3875006,   0.1296507,   0.33817,      // ApplyImprovedSee          
		   0.1422908,   0.3632824,   0.3226665,   0.1717603,    // UseIrrigationAnd          
		   0.002564813, 0.2252019,   0.3816659,   0.3905674,    // UseIrrigation             
		   0.2251725,   0.2837073,   0.2784781,   0.2126421);   // Other                     ;
	whenchanged = 1639396473;
	belief = (0.1746164, 0.3046515, 0.281227, 0.2395051);
	visual V3 {
		center = (288, 642);
		height = 3;
		link 1 {
			path = ((720, 1002), (540, 1002), (540, 642), (471, 642));
			};
		};
	};

node distanceToBigMarket {
	discrete = FALSE;
	states = (LessThan15Km, Between15And30Km, Above30Km);
	levels = (1, 14, 24, 64);
	kind = NATURE;
	chance = CHANCE;
	parents = (intensificationStrategies);
	probs = 
		// LessThan15Km Between15And30Km Above30Km  // intensificationStrategies 
		  (0.3253419,   0.2768784,   0.3977797,    // None                      
		   0.2671603,   0.2576656,   0.475174,     // CropMultipleTime          
		   0.2521688,   0.4900984,   0.2577328,    // ApplyFertilizer           
		   0.2155554,   0.5189346,   0.26551,      // ApplyImprovedSee          
		   0.3620498,   0.5422719,   0.09567836,   // UseIrrigationAnd          
		   0.3111105,   0.6824611,   0.006428481,  // UseIrrigation             
		   0.3031285,   0.378215,    0.3186565);   // Other                     ;
	title = "DistanceToBigMarket";
	whenchanged = 1639396473;
	belief = (0.3040732, 0.3551629, 0.3407639);
	visual V3 {
		center = (1356, 648);
		height = 7;
		};
	};

node topgraphicWetnessIndex {
	discrete = FALSE;
	states = (Between14And18, Between18And23, Between23And32);
	levels = (14.3, 17.9, 23, 32);
	kind = NATURE;
	chance = CHANCE;
	parents = (intensificationStrategies);
	probs = 
		// Between14And18 Between18And23 Between23And32  // intensificationStrategies 
		  (0.2956076,   0.3870309,   0.3173615,    // None                      
		   0.306854,    0.3826597,   0.3104863,    // CropMultipleTime          
		   0.6535267,   0.1821321,   0.1643411,    // ApplyFertilizer           
		   0.3020276,   0.2748816,   0.4230908,    // ApplyImprovedSee          
		   0.2596666,   0.2703237,   0.4700097,    // UseIrrigationAnd          
		   0.4141615,   0.1850437,   0.4007949,    // UseIrrigation             
		   0.3547068,   0.3241408,   0.3211523);   // Other                     ;
	title = "TopgraphicWetnessIndex";
	whenchanged = 1639396473;
	belief = (0.3259484, 0.3417387, 0.3323128);
	visual V3 {
		center = (900, 648);
		height = 2;
		link 1 {
			path = ((984, 917), (984, 720));
			};
		};
	};

node cropChoice {
	discrete = TRUE;
	states = (RiceAndMaize, RiceMaizeAndVegit, Rice, VegitAndMaize, VegitAndRice, Maize, Vegitables);
	kind = NATURE;
	chance = CHANCE;
	parents = (intensificationStrategies, ageOfTheHouseholdHead, topgraphicWetnessIndex);
	probs = 
		// RiceAndMaize RiceMaizeAndVegi Rice     VegitAndMaize VegitAndRice Maize       Vegitables    // intensificationStrategies ageOfTheHouseholdHead topgraphicWetnessIndex 
		  (0.2371747,   0.007649886, 0.6190965,   0.007636749, 0.1136099,   0.007372309, 0.00746,      // None                      between 24And35       Between14And18         
		   0.1320917,   0.007402276, 0.8323361,   0.006934499, 0.007146396, 0.006868484, 0.00722061,   // None                      between 24And35       Between18And23         
		   0.3126934,   0.006181459, 0.657393,    0.005790947, 0.006155975, 0.005884834, 0.005900411,  // None                      between 24And35       Between23And32         
		   0.4421704,   0.05291801,  0.2759,      0.006944647, 0.1076092,   0.1075136,   0.006943927,  // None                      between 35and45       Between14And18         
		   0.3507517,   0.005859422, 0.6197899,   0.005898854, 0.005944032, 0.005834875, 0.005921178,  // None                      between 35and45       Between18And23         
		   0.1158518,   0.009849437, 0.7739511,   0.01002423,  0.0704409,   0.009879478, 0.01000315,   // None                      between 35and45       Between23And32         
		   0.4629649,   0.005900803, 0.3971251,   0.005955845, 0.06105965,  0.06103783,  0.005955892,  // None                      between 45And55       Between14And18         
		   0.3056012,   0.05260964,  0.6145116,   0.006720388, 0.006966096, 0.006747695, 0.006843308,  // None                      between 45And55       Between18And23         
		   0.3303632,   0.005821211, 0.6399873,   0.006049945, 0.006001288, 0.00575667,  0.006020316,  // None                      between 45And55       Between23And32         
		   0.492453,    0.1053316,   0.217427,    0.00747211,  0.1623691,   0.007454506, 0.007492739,  // None                      Above 55              Between14And18         
		   0.1671387,   0.05010617,  0.6469191,   0.00867187,  0.109687,    0.008709838, 0.00876737,   // None                      Above 55              Between18And23         
		   0.4170232,   0.004296851, 0.5613332,   0.004178672, 0.004438559, 0.004346056, 0.004383478,  // None                      Above 55              Between23And32         
		   0.1630415,   0.1331783,   0.1325603,   0.1278367,   0.1576114,   0.1551313,   0.1306404,    // CropMultipleTime          between 24And35       Between14And18         
		   0.9859962,   0.002343259, 0.002393868, 0.002298242, 0.00235736,  0.002288797, 0.00232229,   // CropMultipleTime          between 24And35       Between18And23         
		   0.7287939,   0.007671055, 0.007704739, 0.007783535, 0.007483591, 0.2328247,   0.007738493,  // CropMultipleTime          between 24And35       Between23And32         
		   0.002595961, 0.002810021, 0.9839301,   0.00284885,  0.002595667, 0.002660311, 0.002559132,  // CropMultipleTime          between 35and45       Between14And18         
		   0.004313434, 0.00449748,  0.4894058,   0.004314077, 0.4885851,   0.004469219, 0.004414905,  // CropMultipleTime          between 35and45       Between18And23         
		   0.4864362,   0.4878123,   0.0051086,   0.005219269, 0.005039538, 0.005213136, 0.005170987,  // CropMultipleTime          between 35and45       Between23And32         
		   0.488742,    0.004560276, 0.004531437, 0.004644422, 0.004568553, 0.4884951,   0.00445827,   // CropMultipleTime          between 45And55       Between14And18         
		   0.7331529,   0.2345317,   0.00666401,  0.006511386, 0.006273073, 0.006474608, 0.006392365,  // CropMultipleTime          between 45And55       Between18And23         
		   0.1535783,   0.1647043,   0.1351456,   0.126747,    0.1552208,   0.1305557,   0.1340484,    // CropMultipleTime          between 45And55       Between23And32         
		   0.9836145,   0.002888048, 0.002864764, 0.002658186, 0.002663292, 0.002583732, 0.00272746,   // CropMultipleTime          Above 55              Between14And18         
		   0.9871791,   0.002015085, 0.002191243, 0.00221814,  0.002150975, 0.002203297, 0.002042137,  // CropMultipleTime          Above 55              Between18And23         
		   0.4900452,   0.48805,     0.004413812, 0.004333669, 0.004326602, 0.004387499, 0.004443141,  // CropMultipleTime          Above 55              Between23And32         
		   0.002749241, 0.002923648, 0.983091,    0.002824936, 0.002652397, 0.002841868, 0.002916932,  // ApplyFertilizer           between 24And35       Between14And18         
		   0.002115682, 0.002257975, 0.9870614,   0.002025909, 0.002064018, 0.002259431, 0.002215557,  // ApplyFertilizer           between 24And35       Between18And23         
		   0.4875146,   0.004591427, 0.4891167,   0.004744167, 0.004655678, 0.004730011, 0.004647351,  // ApplyFertilizer           between 24And35       Between23And32         
		   0.7831562,   0.007356635, 0.007267273, 0.007614033, 0.1800458,   0.007153813, 0.007406262,  // ApplyFertilizer           between 35and45       Between14And18         
		   0.1422382,   0.1399083,   0.1453482,   0.1416562,   0.1428331,   0.1409434,   0.1470726,    // ApplyFertilizer           between 35and45       Between18And23         
		   0.9841599,   0.002650749, 0.002685815, 0.002697645, 0.00260701,  0.00261894,  0.002579931,  // ApplyFertilizer           between 35and45       Between23And32         
		   0.3992482,   0.194568,    0.1946535,   0.005642308, 0.194562,    0.005670129, 0.005655898,  // ApplyFertilizer           between 45And55       Between14And18         
		   0.489624,    0.4895443,   0.004105428, 0.004159134, 0.00423175,  0.00425793,  0.004077455,  // ApplyFertilizer           between 45And55       Between18And23         
		   0.002713364, 0.002903446, 0.9831985,   0.002751454, 0.002653681, 0.002904646, 0.002874905,  // ApplyFertilizer           between 45And55       Between23And32         
		   0.004315687, 0.489233,    0.004250488, 0.489125,    0.004364933, 0.004264515, 0.004446345,  // ApplyFertilizer           Above 55              Between14And18         
		   0.1512593,   0.1488258,   0.1441398,   0.1606115,   0.1231426,   0.128043,    0.143978,     // ApplyFertilizer           Above 55              Between18And23         
		   0.1281327,   0.1650232,   0.1508551,   0.1488705,   0.1278848,   0.1521266,   0.1271072,    // ApplyFertilizer           Above 55              Between23And32         
		   0.004440225, 0.004388413, 0.4895566,   0.004338449, 0.4882854,   0.004522146, 0.004468813,  // ApplyImprovedSee          between 24And35       Between14And18         
		   0.9874574,   0.002023629, 0.002037439, 0.002008417, 0.002176791, 0.002234598, 0.002061701,  // ApplyImprovedSee          between 24And35       Between18And23         
		   0.4894959,   0.004544917, 0.4877145,   0.004607176, 0.004598266, 0.00448219,  0.004557,     // ApplyImprovedSee          between 24And35       Between23And32         
		   0.1826316,   0.006958363, 0.782503,    0.006920941, 0.007139155, 0.006874664, 0.006972255,  // ApplyImprovedSee          between 35and45       Between14And18         
		   0.3140126,   0.005816472, 0.6574578,   0.005574742, 0.005652059, 0.005822198, 0.00566415,   // ApplyImprovedSee          between 35and45       Between18And23         
		   0.1436566,   0.007437105, 0.8186108,   0.007725152, 0.007525474, 0.007306285, 0.007738555,  // ApplyImprovedSee          between 35and45       Between23And32         
		   0.1378573,   0.1279225,   0.1366121,   0.1490807,   0.1646329,   0.1640318,   0.1198628,    // ApplyImprovedSee          between 45And55       Between14And18         
		   0.4875228,   0.004476961, 0.4893099,   0.004732045, 0.004610926, 0.004702381, 0.004644956,  // ApplyImprovedSee          between 45And55       Between18And23         
		   0.656819,    0.005941346, 0.006338066, 0.006251274, 0.3123882,   0.006056943, 0.006205237,  // ApplyImprovedSee          between 45And55       Between23And32         
		   0.3931193,   0.3920859,   0.1920324,   0.005696184, 0.005679752, 0.005676693, 0.005709814,  // ApplyImprovedSee          Above 55              Between14And18         
		   0.3280759,   0.3282596,   0.3283385,   0.003841604, 0.00383209,  0.00381917,  0.003833157,  // ApplyImprovedSee          Above 55              Between18And23         
		   0.656593,    0.006175085, 0.3123324,   0.006214835, 0.006260504, 0.006239221, 0.00618494,   // ApplyImprovedSee          Above 55              Between23And32         
		   0.004904969, 0.3265441,   0.004897555, 0.004905435, 0.3269303,   0.004870175, 0.3269475,    // UseIrrigationAnd          between 24And35       Between14And18         
		   0.1266131,   0.1403564,   0.1382691,   0.1643812,   0.1455253,   0.1362828,   0.1485721,    // UseIrrigationAnd          between 24And35       Between18And23         
		   0.1416358,   0.1475945,   0.1216904,   0.1288687,   0.1256752,   0.1711263,   0.1634091,    // UseIrrigationAnd          between 24And35       Between23And32         
		   0.164084,    0.1291228,   0.1580457,   0.1256669,   0.1207612,   0.1648817,   0.1374377,    // UseIrrigationAnd          between 35and45       Between14And18         
		   0.00658136,  0.2350027,   0.731742,    0.006754475, 0.006722894, 0.006553973, 0.006642669,  // UseIrrigationAnd          between 35and45       Between18And23         
		   0.3123466,   0.006200901, 0.6566824,   0.006253107, 0.006208574, 0.006263806, 0.006044584,  // UseIrrigationAnd          between 35and45       Between23And32         
		   0.4873578,   0.004691896, 0.004588105, 0.004687578, 0.4892096,   0.004635798, 0.004829246,  // UseIrrigationAnd          between 45And55       Between14And18         
		   0.002542672, 0.9847775,   0.002563666, 0.002436985, 0.002551576, 0.002562063, 0.002565531,  // UseIrrigationAnd          between 45And55       Between18And23         
		   0.005823231, 0.4904481,   0.2429975,   0.005898512, 0.2430765,   0.005857691, 0.00589847,   // UseIrrigationAnd          between 45And55       Between23And32         
		   0.002335346, 0.00246849,  0.00244433,  0.002406,    0.9853226,   0.002512867, 0.002510369,  // UseIrrigationAnd          Above 55              Between14And18         
		   0.1327038,   0.1596533,   0.1606433,   0.1612746,   0.1242102,   0.1446593,   0.1168555,    // UseIrrigationAnd          Above 55              Between18And23         
		   0.004596192, 0.004597091, 0.487103,    0.004553013, 0.4900326,   0.004536054, 0.004582081,  // UseIrrigationAnd          Above 55              Between23And32         
		   0.1656316,   0.1622148,   0.1309841,   0.1317489,   0.1519831,   0.1342074,   0.1232301,    // UseIrrigation             between 24And35       Between14And18         
		   0.1390384,   0.1472213,   0.1509487,   0.1464251,   0.1324553,   0.1564083,   0.1275031,    // UseIrrigation             between 24And35       Between18And23         
		   0.1289539,   0.1287265,   0.1342767,   0.1542032,   0.1372217,   0.1607514,   0.1558666,    // UseIrrigation             between 24And35       Between23And32         
		   0.001894314, 0.001888342, 0.9887693,   0.001851791, 0.001849394, 0.001836817, 0.00191005,   // UseIrrigation             between 35and45       Between14And18         
		   0.1260857,   0.1610234,   0.1338707,   0.134481,    0.1290578,   0.1600396,   0.1554418,    // UseIrrigation             between 35and45       Between18And23         
		   0.002300055, 0.002384366, 0.9857221,   0.00244807,  0.002290169, 0.002486645, 0.002368548,  // UseIrrigation             between 35and45       Between23And32         
		   0.002283154, 0.00228492,  0.9863167,   0.002330514, 0.002315672, 0.002172387, 0.002296684,  // UseIrrigation             between 45And55       Between14And18         
		   0.002718146, 0.002787231, 0.9840745,   0.002554422, 0.002581112, 0.002607045, 0.00267755,   // UseIrrigation             between 45And55       Between18And23         
		   0.002675245, 0.002759802, 0.9835403,   0.002752009, 0.002706262, 0.00268672,  0.002879647,  // UseIrrigation             between 45And55       Between23And32         
		   0.00571757,  0.313742,    0.6573542,   0.005841366, 0.005681575, 0.005934254, 0.005728962,  // UseIrrigation             Above 55              Between14And18         
		   0.1393371,   0.1346739,   0.14318,     0.1588543,   0.144678,    0.1336369,   0.1456397,    // UseIrrigation             Above 55              Between18And23         
		   0.9835811,   0.002699585, 0.002711946, 0.002792268, 0.002719082, 0.002667,    0.00282903,   // UseIrrigation             Above 55              Between23And32         
		   0.1315163,   0.1372244,   0.1336578,   0.1541462,   0.148503,    0.1476967,   0.1472557,    // Other                     between 24And35       Between14And18         
		   0.1120866,   0.1365902,   0.1546329,   0.1366,      0.1486596,   0.1555535,   0.1558773,    // Other                     between 24And35       Between18And23         
		   0.1201653,   0.1595569,   0.1444422,   0.1281324,   0.1479897,   0.1447459,   0.1549675,    // Other                     between 24And35       Between23And32         
		   0.1337384,   0.1311865,   0.140722,    0.1665934,   0.1538457,   0.1182774,   0.1556365,    // Other                     between 35and45       Between14And18         
		   0.1393346,   0.1243824,   0.1328769,   0.1459584,   0.1545631,   0.1527212,   0.1501634,    // Other                     between 35and45       Between18And23         
		   0.1449894,   0.1277185,   0.1493482,   0.1661954,   0.1241901,   0.1215883,   0.1659701,    // Other                     between 35and45       Between23And32         
		   0.1549659,   0.1548455,   0.1284156,   0.1431179,   0.1261858,   0.1679621,   0.1245073,    // Other                     between 45And55       Between14And18         
		   0.1565326,   0.1559274,   0.1454639,   0.1549886,   0.1251525,   0.1343626,   0.1275725,    // Other                     between 45And55       Between18And23         
		   0.1211,      0.1561621,   0.1417609,   0.1260869,   0.1264554,   0.1614531,   0.1669814,    // Other                     between 45And55       Between23And32         
		   0.1457914,   0.1305005,   0.1439808,   0.1641613,   0.1640369,   0.1238741,   0.127655,     // Other                     Above 55              Between14And18         
		   0.1310147,   0.1378661,   0.1506062,   0.1226365,   0.164526,    0.167278,    0.1260724,    // Other                     Above 55              Between18And23         
		   0.1500424,   0.1240821,   0.1641987,   0.1645199,   0.1400637,   0.1196908,   0.1374025);   // Other                     Above 55              Between23And32         ;
	title = "CropChoice";
	whenchanged = 1639396473;
	belief = (0.3235899, 0.06486132, 0.4932659, 0.01466784, 0.06506051, 0.02532401, 0.01323055);
	visual V3 {
		center = (294, 888);
		height = 4;
		link 2 {
			path = ((294, 726), (294, 777));
			};
		link 3 {
			path = ((900, 723), (900, 888), (490, 888));
			};
		};
	};

node farmType {
	discrete = TRUE;
	states = (Subsistence, Diversifier, AgroPastoralist);
	kind = NATURE;
	chance = CHANCE;
	parents = (intensificationStrategies, cropChoice);
	probs = 
		// Subsistence  Diversifier  AgroPastoralist  // intensificationStrategies cropChoice       
		  (0.3553802,   0.4451818,   0.199438,     // None                      RiceAndMaize     
		   0.1865138,   0.6363291,   0.1771571,    // None                      RiceMaizeAndVegi 
		   0.9465636,   0.01032274,  0.04311368,   // None                      Rice             
		   0.3078319,   0.3427946,   0.3493735,    // None                      VegitAndMaize    
		   0.5934935,   0.3112254,   0.0952812,    // None                      VegitAndRice     
		   0.001018057, 0.9979612,   0.001020777,  // None                      Maize            
		   0.3569144,   0.340481,    0.3026046,    // None                      Vegitables       
		   0.3745039,   0.6186857,   0.006810443,  // CropMultipleTime          RiceAndMaize     
		   8.494224e-4, 0.9983005,   8.500768e-4,  // CropMultipleTime          RiceMaizeAndVegi 
		   0.9979684,   0.001019751, 0.001011805,  // CropMultipleTime          Rice             
		   0.360105,    0.2747844,   0.3651106,    // CropMultipleTime          VegitAndMaize    
		   0.9980028,   9.95527e-4,  0.001001618,  // CropMultipleTime          VegitAndRice     
		   0.001225816, 0.9975395,   0.001234679,  // CropMultipleTime          Maize            
		   0.3550395,   0.3381197,   0.3068408,    // CropMultipleTime          Vegitables       
		   0.6393195,   0.2422347,   0.1184458,    // ApplyFertilizer           RiceAndMaize     
		   0.3712332,   0.625816,    0.002950814,  // ApplyFertilizer           RiceMaizeAndVegi 
		   0.9982906,   8.530558e-4, 8.563492e-4,  // ApplyFertilizer           Rice             
		   8.847173e-4, 0.9982263,   8.889949e-4,  // ApplyFertilizer           VegitAndMaize    
		   0.538183,    0.4593062,   0.002510825,  // ApplyFertilizer           VegitAndRice     
		   0.3337494,   0.3055418,   0.3607087,    // ApplyFertilizer           Maize            
		   0.325016,    0.3816506,   0.2933334,    // ApplyFertilizer           Vegitables       
		   0.501169,    0.4953833,   0.003447719,  // ApplyImprovedSee          RiceAndMaize     
		   0.3751132,   0.6179359,   0.006950881,  // ApplyImprovedSee          RiceMaizeAndVegi 
		   0.9390648,   0.003302928, 0.05763227,   // ApplyImprovedSee          Rice             
		   0.3555495,   0.3099068,   0.3345437,    // ApplyImprovedSee          VegitAndMaize    
		   9.710393e-4, 0.998063,    9.659202e-4,  // ApplyImprovedSee          VegitAndRice     
		   0.336576,    0.3290506,   0.3343734,    // ApplyImprovedSee          Maize            
		   0.3397783,   0.3716756,   0.288546,     // ApplyImprovedSee          Vegitables       
		   0.001024437, 0.9979422,   0.001033336,  // UseIrrigationAnd          RiceAndMaize     
		   9.803823e-4, 0.9980377,   9.819245e-4,  // UseIrrigationAnd          RiceMaizeAndVegi 
		   0.9977024,   0.001151963, 0.001145692,  // UseIrrigationAnd          Rice             
		   0.3337161,   0.3514948,   0.3147891,    // UseIrrigationAnd          VegitAndMaize    
		   0.9973517,   0.001318868, 0.00132945,   // UseIrrigationAnd          VegitAndRice     
		   0.3675382,   0.3645311,   0.2679307,    // UseIrrigationAnd          Maize            
		   0.001302106, 0.9973974,   0.001300473,  // UseIrrigationAnd          Vegitables       
		   9.802871e-4, 0.9980337,   9.860185e-4,  // UseIrrigation             RiceAndMaize     
		   9.997331e-4, 0.9980016,   9.986898e-4,  // UseIrrigation             RiceMaizeAndVegi 
		   0.9977375,   0.001133008, 0.001129439,  // UseIrrigation             Rice             
		   0.3695069,   0.3398051,   0.290688,     // UseIrrigation             VegitAndMaize    
		   0.2806852,   0.3529508,   0.366364,     // UseIrrigation             VegitAndRice     
		   0.2910305,   0.3391602,   0.3698093,    // UseIrrigation             Maize            
		   0.3460209,   0.333073,    0.320906,     // UseIrrigation             Vegitables       
		   0.385154,    0.3007773,   0.3140687,    // Other                     RiceAndMaize     
		   0.3007103,   0.3153681,   0.3839215,    // Other                     RiceMaizeAndVegi 
		   0.3979483,   0.3153661,   0.2866855,    // Other                     Rice             
		   0.2946,      0.3255535,   0.3798467,    // Other                     VegitAndMaize    
		   0.3001775,   0.3920618,   0.3077607,    // Other                     VegitAndRice     
		   0.3165487,   0.3719471,   0.3115041,    // Other                     Maize            
		   0.3914426,   0.3252158,   0.2833417);   // Other                     Vegitables       ;
	title = "FarmerType";
	whenchanged = 1639396473;
	belief = (0.6563899, 0.2675173, 0.07609279);
	visual V3 {
		center = (282, 1158);
		height = 5;
		link 2 {
			path = ((282, 1002), (282, 1099));
			};
		};
	};

node farmSize {
	discrete = FALSE;
	states = (LessThan_3Ha, Between_3And6Ha, Between_6And9Ha, MoreThan_9Ha);
	levels = (0, 3, 6, 9, 21.5);
	kind = NATURE;
	chance = CHANCE;
	parents = (intensificationStrategies, farmType);
	probs = 
		// LessThan 3Ha Between 3And6Ha Between 6And9Ha MoreThan 9Ha  // intensificationStrategies farmType        
		  (0.8234184,   0.1643466,   0.007399164, 0.004835818,  // None                      Subsistence     
		   0.6786487,   0.211915,    0.08123996,  0.02819636,   // None                      Diversifier     
		   0.003570062, 0.00360525,  0.6118346,   0.3809901,    // None                      AgroPastoralist 
		   0.7405569,   0.2495231,   0.004961355, 0.004958631,  // CropMultipleTime          Subsistence     
		   0.9272906,   0.06368111,  0.004518316, 0.004509986,  // CropMultipleTime          Diversifier     
		   0.2325637,   0.2448027,   0.2837122,   0.2389214,    // CropMultipleTime          AgroPastoralist 
		   0.8561242,   0.1327694,   0.005555871, 0.005550505,  // ApplyFertilizer           Subsistence     
		   0.5302058,   0.3104349,   0.15515,     0.004209196,  // ApplyFertilizer           Diversifier     
		   0.001722184, 0.001729724, 0.001725572, 0.9948225,    // ApplyFertilizer           AgroPastoralist 
		   0.7307336,   0.1895482,   0.03985674,  0.03986139,   // ApplyImprovedSee          Subsistence     
		   0.7173556,   0.2723672,   0.00514043,  0.005136803,  // ApplyImprovedSee          Diversifier     
		   0.00145935,  0.001427207, 0.001459606, 0.9956538,    // ApplyImprovedSee          AgroPastoralist 
		   0.6755822,   0.3148936,   0.004743594, 0.004780687,  // UseIrrigationAnd          Subsistence     
		   0.8735662,   0.005515089, 0.1154024,   0.00551639,   // UseIrrigationAnd          Diversifier     
		   0.2320116,   0.2629907,   0.2242588,   0.2807389,    // UseIrrigationAnd          AgroPastoralist 
		   0.7698326,   0.220787,    0.004684388, 0.004696083,  // UseIrrigation             Subsistence     
		   0.5124224,   0.4792036,   0.004201229, 0.004172673,  // UseIrrigation             Diversifier     
		   0.2743123,   0.2459577,   0.2553613,   0.2243687,    // UseIrrigation             AgroPastoralist 
		   0.2812444,   0.2116421,   0.2589079,   0.2482056,    // Other                     Subsistence     
		   0.2379062,   0.2583719,   0.2445695,   0.2591524,    // Other                     Diversifier     
		   0.2597504,   0.2650736,   0.2454554,   0.2297206);   // Other                     AgroPastoralist ;
	title = "SizeOfCropLand";
	whenchanged = 1639396473;
	belief = (0.7209165, 0.1705847, 0.06420488, 0.04429385);
	visual V3 {
		center = (288, 1386);
		height = 6;
		link 1 {
			path = ((713, 1107), (576, 1140), (391, 1298));
			};
		link 2 {
			path = ((288, 1224), (288, 1298));
			};
		};
	};

node shareOfHiredLabour {
	discrete = FALSE;
	states = (LessThan_10Percent, Between_10And60Percent, Above_60Percent);
	levels = (0, 10, 60, 100);
	kind = NATURE;
	chance = CHANCE;
	parents = (intensificationStrategies, farmSize, householdSize);
	probs = 
		// LessThan 10Perce Between 10And60P Above 60Percent  // intensificationStrategies farmSize        householdSize 
		  (0.3029273,   0.5324695,   0.1646032,    // None                      LessThan 3Ha    LessThan4     
		   0.3778422,   0.368826,    0.2533318,    // None                      LessThan 3Ha    Between 4And7 
		   0.4687203,   0.3547671,   0.1765126,    // None                      LessThan 3Ha    MoreThan 7    
		   0.288591,    0.004427659, 0.7069814,    // None                      Between 3And6Ha LessThan4     
		   0.3166888,   0.3077814,   0.3755297,    // None                      Between 3And6Ha Between 4And7 
		   0.3901227,   0.3359057,   0.2739716,    // None                      Between 3And6Ha MoreThan 7    
		   0.3232239,   0.3485658,   0.3282102,    // None                      Between 6And9Ha LessThan4     
		   0.9979212,   0.001037758, 0.001041046,  // None                      Between 6And9Ha Between 4And7 
		   0.7990872,   0.1961339,   0.004778946,  // None                      Between 6And9Ha MoreThan 7    
		   9.512255e-4, 0.998093,    9.557859e-4,  // None                      MoreThan 9Ha    LessThan4     
		   0.333136,    0.318442,    0.3484221,    // None                      MoreThan 9Ha    Between 4And7 
		   0.1547183,   0.387997,    0.4572847,    // None                      MoreThan 9Ha    MoreThan 7    
		   0.533242,    0.1306056,   0.3361524,    // CropMultipleTime          LessThan 3Ha    LessThan4     
		   0.2805125,   0.6090158,   0.1104717,    // CropMultipleTime          LessThan 3Ha    Between 4And7 
		   0.6990479,   0.2957982,   0.005153941,  // CropMultipleTime          LessThan 3Ha    MoreThan 7    
		   0.2924024,   0.3740892,   0.3335084,    // CropMultipleTime          Between 3And6Ha LessThan4     
		   0.002618334, 0.464683,    0.5326987,    // CropMultipleTime          Between 3And6Ha Between 4And7 
		   0.9981331,   9.334539e-4, 9.334135e-4,  // CropMultipleTime          Between 3And6Ha MoreThan 7    
		   0.4014897,   0.2982749,   0.3002354,    // CropMultipleTime          Between 6And9Ha LessThan4     
		   0.3268553,   0.3333624,   0.3397824,    // CropMultipleTime          Between 6And9Ha Between 4And7 
		   0.3115328,   0.333433,    0.3550342,    // CropMultipleTime          Between 6And9Ha MoreThan 7    
		   0.3238115,   0.3318193,   0.3443692,    // CropMultipleTime          MoreThan 9Ha    LessThan4     
		   0.3744014,   0.3199622,   0.3056364,    // CropMultipleTime          MoreThan 9Ha    Between 4And7 
		   0.2989399,   0.3426848,   0.3583753,    // CropMultipleTime          MoreThan 9Ha    MoreThan 7    
		   0.1782388,   0.4563489,   0.3654124,    // ApplyFertilizer           LessThan 3Ha    LessThan4     
		   0.480424,    0.2427915,   0.2767845,    // ApplyFertilizer           LessThan 3Ha    Between 4And7 
		   0.00329853,  0.4850152,   0.5116863,    // ApplyFertilizer           LessThan 3Ha    MoreThan 7    
		   0.3410689,   0.323317,    0.3356141,    // ApplyFertilizer           Between 3And6Ha LessThan4     
		   0.005784166, 0.3009741,   0.6932418,    // ApplyFertilizer           Between 3And6Ha Between 4And7 
		   0.001201867, 0.9975985,   0.001199584,  // ApplyFertilizer           Between 3And6Ha MoreThan 7    
		   0.3668516,   0.3362579,   0.2968905,    // ApplyFertilizer           Between 6And9Ha LessThan4     
		   8.895297e-4, 0.9982277,   8.827976e-4,  // ApplyFertilizer           Between 6And9Ha Between 4And7 
		   0.3286595,   0.3107744,   0.3605661,    // ApplyFertilizer           Between 6And9Ha MoreThan 7    
		   0.3798936,   0.3277894,   0.292317,     // ApplyFertilizer           MoreThan 9Ha    LessThan4     
		   0.00117109,  0.001173767, 0.9976552,    // ApplyFertilizer           MoreThan 9Ha    Between 4And7 
		   0.2782835,   0.3693418,   0.3523747,    // ApplyFertilizer           MoreThan 9Ha    MoreThan 7    
		   0.1613536,   0.08843863,  0.7502077,    // ApplyImprovedSee          LessThan 3Ha    LessThan4     
		   0.3958621,   0.4384972,   0.1656408,    // ApplyImprovedSee          LessThan 3Ha    Between 4And7 
		   0.3496099,   0.6459934,   0.004396678,  // ApplyImprovedSee          LessThan 3Ha    MoreThan 7    
		   0.3429265,   0.3369491,   0.3201244,    // ApplyImprovedSee          Between 3And6Ha LessThan4     
		   0.1557539,   0.3129504,   0.5312957,    // ApplyImprovedSee          Between 3And6Ha Between 4And7 
		   0.001262466, 0.9974821,   0.001255393,  // ApplyImprovedSee          Between 3And6Ha MoreThan 7    
		   0.3568214,   0.3133131,   0.3298655,    // ApplyImprovedSee          Between 6And9Ha LessThan4     
		   0.9982914,   8.557682e-4, 8.528295e-4,  // ApplyImprovedSee          Between 6And9Ha Between 4And7 
		   0.3562386,   0.3203821,   0.3233793,    // ApplyImprovedSee          Between 6And9Ha MoreThan 7    
		   0.001007213, 0.00100876,  0.9979841,    // ApplyImprovedSee          MoreThan 9Ha    LessThan4     
		   0.001101197, 0.9977903,   0.001108504,  // ApplyImprovedSee          MoreThan 9Ha    Between 4And7 
		   0.3727961,   0.2964811,   0.3307228,    // ApplyImprovedSee          MoreThan 9Ha    MoreThan 7    
		   0.9974189,   0.001285681, 0.001295461,  // UseIrrigationAnd          LessThan 3Ha    LessThan4     
		   0.2979022,   0.004299851, 0.697798,     // UseIrrigationAnd          LessThan 3Ha    Between 4And7 
		   0.004921214, 0.5001211,   0.4949577,    // UseIrrigationAnd          LessThan 3Ha    MoreThan 7    
		   0.001179111, 0.001171862, 0.997649,     // UseIrrigationAnd          Between 3And6Ha LessThan4     
		   0.002396378, 0.5068054,   0.4907982,    // UseIrrigationAnd          Between 3And6Ha Between 4And7 
		   0.001236273, 0.9975258,   0.001237898,  // UseIrrigationAnd          Between 3And6Ha MoreThan 7    
		   0.3594844,   0.2936606,   0.346855,     // UseIrrigationAnd          Between 6And9Ha LessThan4     
		   0.3600306,   0.3580791,   0.2818904,    // UseIrrigationAnd          Between 6And9Ha Between 4And7 
		   0.001306379, 0.9973913,   0.001302298,  // UseIrrigationAnd          Between 6And9Ha MoreThan 7    
		   0.2933545,   0.3532287,   0.3534169,    // UseIrrigationAnd          MoreThan 9Ha    LessThan4     
		   0.3798185,   0.2957337,   0.3244478,    // UseIrrigationAnd          MoreThan 9Ha    Between 4And7 
		   0.3823057,   0.3326664,   0.2850279,    // UseIrrigationAnd          MoreThan 9Ha    MoreThan 7    
		   0.359284,    0.3381386,   0.3025774,    // UseIrrigation             LessThan 3Ha    LessThan4     
		   0.7686924,   0.005444257, 0.2258634,    // UseIrrigation             LessThan 3Ha    Between 4And7 
		   8.87775e-4,  0.9982267,   8.855014e-4,  // UseIrrigation             LessThan 3Ha    MoreThan 7    
		   0.9979244,   0.001039872, 0.001035667,  // UseIrrigation             Between 3And6Ha LessThan4     
		   0.5436136,   0.002091229, 0.4542951,    // UseIrrigation             Between 3And6Ha Between 4And7 
		   0.2969869,   0.362711,    0.3403021,    // UseIrrigation             Between 3And6Ha MoreThan 7    
		   0.3290126,   0.330784,    0.3402034,    // UseIrrigation             Between 6And9Ha LessThan4     
		   0.3741765,   0.2867075,   0.339116,     // UseIrrigation             Between 6And9Ha Between 4And7 
		   0.3195086,   0.2940246,   0.3864667,    // UseIrrigation             Between 6And9Ha MoreThan 7    
		   0.3439286,   0.3523086,   0.3037627,    // UseIrrigation             MoreThan 9Ha    LessThan4     
		   0.3088576,   0.2920547,   0.3990877,    // UseIrrigation             MoreThan 9Ha    Between 4And7 
		   0.3121612,   0.320028,    0.3678108,    // UseIrrigation             MoreThan 9Ha    MoreThan 7    
		   0.3666899,   0.3087106,   0.3245996,    // Other                     LessThan 3Ha    LessThan4     
		   0.3585229,   0.3176656,   0.3238115,    // Other                     LessThan 3Ha    Between 4And7 
		   0.3262394,   0.3486966,   0.3250641,    // Other                     LessThan 3Ha    MoreThan 7    
		   0.342329,    0.3392602,   0.3184108,    // Other                     Between 3And6Ha LessThan4     
		   0.295447,    0.3342889,   0.3702641,    // Other                     Between 3And6Ha Between 4And7 
		   0.3457875,   0.2818734,   0.3723391,    // Other                     Between 3And6Ha MoreThan 7    
		   0.3941818,   0.2933051,   0.3125131,    // Other                     Between 6And9Ha LessThan4     
		   0.2878405,   0.3213507,   0.3908089,    // Other                     Between 6And9Ha Between 4And7 
		   0.2791881,   0.3308231,   0.3899888,    // Other                     Between 6And9Ha MoreThan 7    
		   0.3179623,   0.315006,    0.3670317,    // Other                     MoreThan 9Ha    LessThan4     
		   0.2872827,   0.3311887,   0.3815286,    // Other                     MoreThan 9Ha    Between 4And7 
		   0.3294408,   0.3272505,   0.3433087);   // Other                     MoreThan 9Ha    MoreThan 7    ;
	title = "ShareOfHiredLabour";
	whenchanged = 1639396473;
	belief = (0.3776299, 0.3419397, 0.2804305);
	visual V3 {
		center = (1122, 1404);
		height = 10;
		link 2 {
			path = ((304, 1298), (312, 1260), (954, 1260), (1035, 1329));
			};
		};
	};

node totalLaborManDays {
	discrete = FALSE;
	states = (lessThan_120, Between_120And220, Between_220And400, MoreThan_400);
	levels = (10, 120, 220, 400, 2760);
	kind = NATURE;
	chance = CHANCE;
	inputs = (, farmSize, );
	parents = (intensificationStrategies, farmSize, shareOfHiredLabour);
	probs = 
		// lessThan 120 Between 120And22 Between 220And40 MoreThan 400  // intensificationStrategies farmSize        shareOfHiredLabour 
		  (0.0412923,   0.2546615,   0.2575411,   0.4465051,    // None                      LessThan 3Ha    LessThan 10Perce   
		   0.2825344,   0.2086799,   0.3347074,   0.1740783,    // None                      LessThan 3Ha    Between 10And60P   
		   0.2237091,   0.3893022,   0.1685884,   0.2184,       // None                      LessThan 3Ha    Above 60Percent    
		   0.2006958,   0.6885828,   0.1040142,   0.006707205,  // None                      Between 3And6Ha LessThan 10Perce   
		   0.3496181,   0.4124121,   0.2343939,   0.003575819,  // None                      Between 3And6Ha Between 10And60P   
		   0.4831119,   0.331711,    0.09296413,  0.09221292,   // None                      Between 3And6Ha Above 60Percent    
